,GCA_000006945.2,GCA_018389705.1,GCF_000006945.2,GCA_000007545.2,GCA_000008865.2,GCA_000009065.1,GCA_000009605.1,GCA_000010245.1,GCA_000011234.1,GCA_000012345.1,GCA_000013645.1,GCA_000013646.1,GCA_000013647.1,GCA_000013648.1,GCA_000013649.1,GCA_000013650.1,GCA_000013651.1,GCA_000013652.1,GCA_000013653.1,GCA_000013654.1,GCA_000013655.1,GCA_000013656.1,GCA_000013657.1,GCA_000013658.1,GCA_000013659.1,GCA_000013660.1,GCA_000014785.1,GCA_000014786.1,GCA_000014787.1,GCA_000014788.1,GCA_000014789.1,GCA_000014790.1,GCA_000015678.1,GCA_000015679.1,GCA_000015680.1,GCA_000016783.1,GCA_000016784.1,GCA_000016785.3
GCA_000006945.2,0.0,0.496803,0.665249,0.543211,0.678544,0.765433,0.876544,0.901235,0.456790,0.567891,0.512345,0.623456,0.543210,0.654321,0.567890,0.456789,0.345678,0.654321,0.543210,0.456789,0.567890,0.678901,0.543212,0.456783,0.567894,0.678905,0.543216,0.456787,0.567898,0.678909,0.543210,0.456781,0.567892,0.678903,0.543214,0.456785,0.567896,0.678907,0.543218
GCA_018389705.1,0.496803,0.0,0.455885,0.43211,0.567891,0.654322,0.765433,0.812346,0.32109,0.567899,0.456789,0.567890,0.456788,0.567899,0.456787,0.345676,0.234565,0.543216,0.432105,0.345674,0.456785,0.567896,0.432107,0.345678,0.456789,0.567890,0.432101,0.345672,0.456783,0.567894,0.432105,0.345676,0.456787,0.567898,0.432109,0.345680,0.456791,0.567902,0.432113
GCF_000006945.2,0.665249,0.455885,0.0,0.567891,0.43211,0.543211,0.654322,0.723457,0.654322,0.345679,0.456780,0.345671,0.456782,0.567893,0.456784,0.567895,0.678906,0.345677,0.456788,0.567899,0.456790,0.345681,0.567892,0.456783,0.345674,0.456785,0.567896,0.456787,0.345678,0.456789,0.567890,0.456781,0.345672,0.456783,0.567894,0.456785,0.345676,0.456787,0.567898
GCA_000007545.2,0.543211,0.43211,0.567891,0.0,0.345679,0.456790,0.567891,0.654322,0.345679,0.567891,0.456782,0.567893,0.456784,0.345675,0.567896,0.456787,0.345678,0.567899,0.456790,0.345681,0.567892,0.456783,0.345674,0.567895,0.456786,0.345677,0.567898,0.456789,0.345680,0.567891,0.456782,0.345673,0.567894,0.456785,0.345676,0.567897,0.456788,0.345679,0.567890
GCA_000008865.2,0.678544,0.567891,0.43211,0.345679,0.0,0.345679,0.456790,0.567891,0.456790,0.567891,0.345672,0.456783,0.567894,0.456785,0.345676,0.567897,0.456788,0.345679,0.567890,0.456781,0.345672,0.567893,0.456784,0.345675,0.567896,0.456787,0.345678,0.567899,0.456790,0.345681,0.567892,0.456783,0.345674,0.567895,0.456786,0.345677,0.567898,0.456789,0.345680
GCA_000009065.1,0.765433,0.654322,0.543211,0.456790,0.345679,0.0,0.345679,0.456790,0.456790,0.678346,0.567897,0.456788,0.345679,0.567890,0.456781,0.345672,0.567893,0.456784,0.345675,0.567896,0.456787,0.345678,0.567899,0.456790,0.345681,0.567892,0.456783,0.345674,0.567895,0.456786,0.345677,0.567898,0.456789,0.345680,0.567891,0.456782,0.345673,0.567894,0.456785
GCA_000009605.1,0.876544,0.765433,0.654322,0.567891,0.456790,0.345679,0.0,0.345679,0.567891,0.678013,0.456782,0.567893,0.456784,0.345675,0.567896,0.456787,0.345678,0.567899,0.456790,0.345681,0.567892,0.456783,0.345674,0.567895,0.456786,0.345677,0.567898,0.456789,0.345680,0.567891,0.456782,0.345673,0.567894,0.456785,0.345676,0.567897,0.456788,0.345679,0.567890
GCA_000010245.1,0.901235,0.812346,0.723457,0.654322,0.567891,0.456790,0.345679,0.0,0.678568,0.567679,0.567890,0.456781,0.567892,0.456783,0.345674,0.567895,0.456786,0.345677,0.567898,0.456789,0.345680,0.567891,0.456782,0.345673,0.567894,0.456785,0.345676,0.567897,0.456788,0.345679,0.567890,0.456781,0.345672,0.567893,0.456784,0.345675,0.567896,0.456787,0.345678
GCA_000011234.1,0.456790,0.32109,0.654322,0.345679,0.456790,0.456790,0.567891,0.678568,0.0,0.234568,0.345671,0.456782,0.567893,0.678904,0.567895,0.456786,0.345677,0.567898,0.456789,0.345680,0.567891,0.456782,0.345673,0.567894,0.456785,0.345676,0.567897,0.456788,0.345679,0.567890,0.456781,0.345672,0.567893,0.456784,0.345675,0.567896,0.456787,0.345678,0.567899
GCA_000012345.1,0.567891,0.567899,0.345679,0.567891,0.567891,0.678346,0.678013,0.567679,0.234568,0.0,0.456783,0.345674,0.456785,0.567896,0.678907,0.567898,0.456789,0.345680,0.567891,0.456782,0.345673,0.567894,0.456785,0.345676,0.567897,0.456788,0.345679,0.567890,0.456781,0.345672,0.567893,0.456784,0.345675,0.567896,0.456787,0.345678,0.567899,0.456790,0.345681
GCA_000013645.1,0.512345,0.456789,0.456780,0.456782,0.345672,0.567897,0.456782,0.567890,0.345671,0.456783,0.0,0.345672,0.456783,0.567894,0.456785,0.345676,0.567897,0.456788,0.345679,0.567890,0.456781,0.345672,0.567893,0.456784,0.345675,0.567896,0.456787,0.345678,0.567899,0.456790,0.345681,0.567892,0.456783,0.345674,0.567895,0.456786,0.345677,0.567898,0.456789
GCA_000013646.1,0.623456,0.567890,0.345671,0.567893,0.456783,0.456788,0.567893,0.456781,0.456782,0.345674,0.345672,0.0,0.345673,0.456784,0.567895,0.678906,0.567897,0.456788,0.345679,0.567890,0.456781,0.345672,0.567893,0.456784,0.345675,0.567896,0.456787,0.345678,0.567899,0.456790,0.345681,0.567892,0.456783,0.345674,0.567895,0.456786,0.345677,0.567898,0.456789
GCA_000013647.1,0.543210,0.456788,0.456782,0.456784,0.567894,0.345679,0.456784,0.567892,0.567893,0.456785,0.456783,0.345673,0.0,0.345674,0.456785,0.567896,0.678907,0.567898,0.456789,0.345680,0.567891,0.456782,0.345673,0.567894,0.456785,0.345676,0.567897,0.456788,0.345679,0.567890,0.456781,0.345672,0.567893,0.456784,0.345675,0.567896,0.456787,0.345678,0.567899
GCA_000013648.1,0.654321,0.567899,0.567893,0.345675,0.456785,0.567890,0.345675,0.456783,0.678904,0.567896,0.567894,0.456784,0.345674,0.0,0.345675,0.456786,0.567897,0.678908,0.567899,0.456790,0.345681,0.567892,0.456783,0.345674,0.567895,0.456786,0.345677,0.567898,0.456789,0.345680,0.567891,0.456782,0.345673,0.567894,0.456785,0.345676,0.567897,0.456788,0.345679
GCA_000013649.1,0.567890,0.456787,0.456784,0.567896,0.345676,0.456781,0.567896,0.345674,0.567895,0.678907,0.456785,0.567895,0.456785,0.345675,0.0,0.345676,0.456787,0.567898,0.678909,0.567890,0.456781,0.345672,0.567893,0.456784,0.345675,0.567896,0.456787,0.345678,0.567899,0.456790,0.345681,0.567892,0.456783,0.345674,0.567895,0.456786,0.345677,0.567898,0.456789
GCA_000013650.1,0.456789,0.345676,0.567895,0.456787,0.567897,0.345672,0.456787,0.567895,0.456786,0.567898,0.345676,0.678906,0.567896,0.456786,0.345676,0.0,0.345677,0.456788,0.567899,0.678900,0.567891,0.456782,0.345673,0.567894,0.456785,0.345676,0.567897,0.456788,0.345679,0.567890,0.456781,0.345672,0.567893,0.456784,0.345675,0.567896,0.456787,0.345678,0.567899
GCA_000013651.1,0.345678,0.234565,0.678906,0.345678,0.456788,0.567893,0.345678,0.456786,0.345677,0.456789,0.567897,0.567897,0.678907,0.567897,0.456787,0.345677,0.0,0.345678,0.456789,0.567890,0.678901,0.567892,0.456783,0.345674,0.567895,0.456786,0.345677,0.567898,0.456789,0.345680,0.567891,0.456782,0.345673,0.567894,0.456785,0.345676,0.567897,0.456788,0.345679
GCA_000013652.1,0.654321,0.543216,0.345677,0.567899,0.345679,0.456784,0.567899,0.345677,0.567898,0.345680,0.456788,0.456788,0.567898,0.678908,0.567898,0.456788,0.345678,0.0,0.345679,0.456780,0.567891,0.678902,0.567893,0.456784,0.345675,0.567896,0.456787,0.345678,0.567899,0.456790,0.345681,0.567892,0.456783,0.345674,0.567895,0.456786,0.345677,0.567898,0.456789
GCA_000013653.1,0.543210,0.432105,0.456788,0.456790,0.567890,0.345675,0.456790,0.567898,0.456789,0.567891,0.345679,0.345679,0.456789,0.567899,0.678909,0.567899,0.456789,0.345679,0.0,0.345680,0.456781,0.567892,0.678903,0.567894,0.456785,0.345676,0.567897,0.456788,0.345679,0.567890,0.456781,0.345672,0.567893,0.456784,0.345675,0.567896,0.456787,0.345678,0.567899
GCA_000013654.1,0.456789,0.345674,0.567899,0.345681,0.456781,0.567896,0.345681,0.456789,0.345680,0.456782,0.567890,0.567890,0.345680,0.456790,0.567890,0.678900,0.567890,0.456780,0.345680,0.0,0.345681,0.456782,0.567893,0.678904,0.567895,0.456786,0.345677,0.567898,0.456789,0.345680,0.567891,0.456782,0.345673,0.567894,0.456785,0.345676,0.567897,0.456788,0.345679
GCA_000013655.1,0.567890,0.456785,0.456790,0.567892,0.345672,0.456787,0.567892,0.345680,0.567891,0.345673,0.456781,0.456781,0.567891,0.345681,0.456781,0.567891,0.678901,0.567891,0.456781,0.345681,0.0,0.345682,0.456783,0.567894,0.678905,0.567896,0.456787,0.345678,0.567899,0.456790,0.345681,0.567892,0.456783,0.345674,0.567895,0.456786,0.345677,0.567898,0.456789
GCA_000013656.1,0.678901,0.567896,0.345681,0.456783,0.567893,0.345678,0.456783,0.567891,0.456782,0.567894,0.345672,0.345672,0.456782,0.567892,0.345672,0.456782,0.567892,0.678902,0.567892,0.456782,0.345682,0.0,0.345683,0.456784,0.567895,0.678906,0.567897,0.456788,0.345679,0.567890,0.456781,0.345672,0.567893,0.456784,0.345675,0.567896,0.456787,0.345678,0.567899
GCA_000013657.1,0.543212,0.432107,0.567892,0.345674,0.456784,0.567899,0.345674,0.456782,0.345673,0.456785,0.567893,0.567893,0.345673,0.456783,0.567893,0.345673,0.456783,0.567893,0.678903,0.567893,0.456783,0.345683,0.0,0.345684,0.456785,0.567896,0.678907,0.567898,0.456789,0.345680,0.567891,0.456782,0.345673,0.567894,0.456785,0.345676,0.567897,0.456788,0.345679
GCA_000013658.1,0.456783,0.345678,0.456784,0.567895,0.345675,0.456790,0.567895,0.345673,0.567894,0.345676,0.456784,0.456784,0.567894,0.345674,0.456784,0.567894,0.345674,0.456784,0.567894,0.678904,0.567894,0.456784,0.345684,0.0,0.345685,0.456786,0.567897,0.678908,0.567899,0.456790,0.345681,0.567892,0.456783,0.345674,0.567895,0.456786,0.345677,0.567898,0.456789
GCA_000013659.1,0.567894,0.456789,0.345675,0.456786,0.567896,0.345681,0.456786,0.567894,0.456785,0.567897,0.345675,0.345675,0.456785,0.567895,0.345675,0.456785,0.567895,0.345675,0.456785,0.567895,0.678905,0.567895,0.456785,0.345685,0.0,0.345686,0.456787,0.567898,0.678909,0.567890,0.456781,0.345672,0.567893,0.456784,0.345675,0.567896,0.456787,0.345678,0.567899
GCA_000013660.1,0.678905,0.567890,0.456785,0.345677,0.456787,0.567892,0.345677,0.456785,0.345676,0.456788,0.567896,0.567896,0.345676,0.456786,0.567896,0.345676,0.456786,0.567896,0.345676,0.456786,0.567896,0.678906,0.567896,0.456786,0.345686,0.0,0.345687,0.456788,0.567899,0.678900,0.567891,0.456782,0.345673,0.567894,0.456785,0.345676,0.567897,0.456788,0.345679
GCA_000014785.1,0.543216,0.432101,0.567896,0.567898,0.345678,0.456783,0.567898,0.345676,0.567897,0.345679,0.456787,0.456787,0.567897,0.345677,0.456787,0.567897,0.345677,0.456787,0.567897,0.345677,0.456787,0.567897,0.678907,0.567897,0.456787,0.345687,0.0,0.345688,0.456789,0.567890,0.678901,0.567892,0.456783,0.345674,0.567895,0.456786,0.345677,0.567898,0.456789
GCA_000014786.1,0.456787,0.345672,0.456787,0.456789,0.567899,0.345674,0.456789,0.567897,0.456788,0.567890,0.345678,0.345678,0.456788,0.567898,0.345678,0.456788,0.567898,0.345678,0.456788,0.567898,0.345678,0.456788,0.567898,0.678908,0.567898,0.456788,0.345688,0.0,0.345689,0.456790,0.567891,0.678902,0.567893,0.456784,0.345675,0.567896,0.456787,0.345678,0.567899
GCA_000014787.1,0.567898,0.456783,0.345678,0.345680,0.456790,0.567895,0.345680,0.456789,0.345679,0.456781,0.567899,0.567899,0.345679,0.567899,0.345679,0.456789,0.567899,0.567899,0.345679,0.456789,0.567899,0.345679,0.456789,0.567899,0.678909,0.567899,0.456789,0.345689,0.0,0.345690,0.456791,0.567892,0.678903,0.567894,0.456785,0.345676,0.567897,0.456788,0.345679
GCA_000014788.1,0.678909,0.567894,0.456789,0.567891,0.345681,0.456786,0.567891,0.345680,0.567890,0.345672,0.456790,0.456790,0.567890,0.345680,0.456790,0.567890,0.345680,0.456790,0.567890,0.345680,0.456790,0.567890,0.345680,0.456790,0.567890,0.678900,0.567890,0.456790,0.345690,0.0,0.345691,0.456792,0.567893,0.678904,0.567895,0.456786,0.345677,0.567898,0.456789
GCA_000014789.1,0.543210,0.432105,0.567890,0.456782,0.567892,0.345677,0.456782,0.567890,0.456781,0.567893,0.345681,0.345681,0.567891,0.567891,0.345681,0.456781,0.567891,0.345681,0.456781,0.567891,0.345681,0.456781,0.567891,0.345681,0.456781,0.567891,0.678901,0.567891,0.456791,0.345691,0.0,0.345692,0.456793,0.567894,0.678905,0.567896,0.456787,0.345678,0.567899
GCA_000014790.1,0.456781,0.345672,0.456781,0.345673,0.456783,0.567898,0.345673,0.456781,0.345672,0.456784,0.567892,0.567892,0.345672,0.456782,0.567892,0.345672,0.456782,0.567892,0.345672,0.456782,0.567892,0.345672,0.456782,0.567892,0.345672,0.456782,0.567892,0.678902,0.567892,0.456792,0.345692,0.0,0.345693,0.456784,0.567895,0.678906,0.567897,0.456788,0.345680
GCA_000015678.1,0.567892,0.456783,0.345672,0.567894,0.345673,0.456789,0.567894,0.345672,0.567893,0.345675,0.456783,0.456783,0.567893,0.345673,0.456783,0.567893,0.345673,0.456783,0.567893,0.345673,0.456783,0.567893,0.345673,0.456783,0.567893,0.345673,0.456783,0.567893,0.678903,0.567893,0.456793,0.345693,0.0,0.345694,0.456785,0.567896,0.678907,0.567898,0.456789
GCA_000015679.1,0.678903,0.567894,0.456783,0.456785,0.567895,0.345680,0.456785,0.567893,0.456784,0.567896,0.345674,0.345674,0.456784,0.567894,0.345674,0.456784,0.567894,0.345674,0.456784,0.567894,0.345674,0.456784,0.567894,0.345674,0.456784,0.567894,0.345674,0.456784,0.567894,0.678904,0.567894,0.456784,0.345694,0.0,0.345695,0.456786,0.567897,0.678908,0.567899
GCA_000015680.1,0.543214,0.432109,0.567894,0.345676,0.456786,0.567891,0.345676,0.567894,0.345675,0.456787,0.567895,0.567895,0.345675,0.567895,0.345675,0.456785,0.567895,0.567895,0.345675,0.456785,0.567895,0.345675,0.456785,0.567895,0.345675,0.456785,0.567895,0.345675,0.456785,0.567895,0.678905,0.567895,0.456785,0.345695,0.0,0.345696,0.456787,0.567898,0.678909
GCA_000016783.1,0.456785,0.345680,0.567896,0.567897,0.345677,0.456782,0.567897,0.345675,0.567896,0.345678,0.456786,0.456786,0.567896,0.345676,0.456786,0.567896,0.345676,0.456786,0.567896,0.345676,0.456786,0.567896,0.345676,0.456786,0.567896,0.345676,0.456786,0.567896,0.345676,0.456786,0.567896,0.678906,0.567896,0.456786,0.345696,0.0,0.345697,0.456788,0.567899
GCA_000016784.1,0.567896,0.456791,0.345676,0.456788,0.567898,0.345673,0.456788,0.567896,0.456787,0.567899,0.345677,0.345677,0.456787,0.567897,0.345677,0.456787,0.567897,0.345677,0.456787,0.567897,0.345677,0.456787,0.567897,0.345677,0.456787,0.567897,0.345677,0.456787,0.567897,0.345677,0.456787,0.567897,0.678907,0.567897,0.456787,0.345697,0.0,0.345698,0.456789
GCA_000016785.3,0.678907,0.567902,0.456787,0.567890,0.345680,0.567894,0.567890,0.345678,0.567899,0.345681,0.456789,0.456789,0.567899,0.345679,0.456789,0.567899,0.345679,0.456789,0.567899,0.345679,0.456789,0.567899,0.345679,0.456789,0.567899,0.345679,0.456789,0.567899,0.345679,0.456789,0.567899,0.345680,0.456789,0.567899,0.678909,0.567899,0.456789,0.345698,0.0