,GCA_000012765.1,GCA_000179035.2,GCA_000183365.1,GCA_000200735.1,GCA_006228185.1,GCA_018389705.1,GCA_024918975.1,GCA_900476175.1,GCF_000012765.1,GCF_000179035.2,GCF_000183365.1,GCF_000200735.1,GCF_006228185.1,GCF_018389705.1,GCF_024918975.1,GCF_900476175.1
GCA_000012765.1,0.0,0.15,0.72,0.68,0.21,0.65,0.70,0.55,0.01,0.16,0.73,0.69,0.22,0.66,0.71,0.56
GCA_000179035.2,0.15,0.0,0.63,0.59,0.12,0.58,0.62,0.48,0.14,0.02,0.64,0.60,0.13,0.59,0.63,0.49
GCA_000183365.1,0.72,0.63,0.0,0.25,0.67,0.30,0.18,0.41,0.71,0.62,0.05,0.24,0.66,0.29,0.17,0.40
GCA_000200735.1,0.68,0.59,0.25,0.0,0.61,0.22,0.20,0.37,0.67,0.58,0.23,0.03,0.60,0.21,0.19,0.36
GCA_006228185.1,0.21,0.12,0.67,0.61,0.0,0.60,0.65,0.50,0.20,0.11,0.66,0.60,0.04,0.59,0.64,0.49
GCA_018389705.1,0.65,0.58,0.30,0.22,0.60,0.0,0.28,0.45,0.64,0.57,0.29,0.21,0.59,0.02,0.27,0.44
GCA_024918975.1,0.70,0.62,0.18,0.20,0.65,0.28,0.0,0.39,0.69,0.61,0.17,0.19,0.64,0.27,0.01,0.38
GCA_900476175.1,0.55,0.48,0.41,0.37,0.50,0.45,0.39,0.0,0.54,0.47,0.40,0.36,0.49,0.44,0.38,0.10
GCF_000012765.1,0.01,0.14,0.71,0.67,0.20,0.64,0.69,0.54,0.0,0.15,0.72,0.68,0.21,0.65,0.70,0.55
GCF_000179035.2,0.16,0.02,0.64,0.60,0.11,0.57,0.61,0.47,0.15,0.0,0.63,0.59,0.12,0.58,0.62,0.48
GCF_000183365.1,0.73,0.64,0.05,0.23,0.66,0.29,0.17,0.40,0.72,0.63,0.0,0.22,0.65,0.28,0.16,0.39
GCF_000200735.1,0.69,0.60,0.24,0.03,0.60,0.21,0.19,0.36,0.68,0.59,0.22,0.0,0.59,0.20,0.18,0.35
GCF_006228185.1,0.22,0.13,0.66,0.60,0.04,0.59,0.64,0.49,0.21,0.12,0.65,0.59,0.0,0.58,0.63,0.48
GCF_018389705.1,0.66,0.59,0.29,0.21,0.59,0.02,0.27,0.44,0.65,0.58,0.28,0.20,0.58,0.0,0.26,0.43
GCF_024918975.1,0.71,0.63,0.17,0.19,0.64,0.27,0.01,0.38,0.70,0.62,0.16,0.18,0.63,0.26,0.0,0.37
GCF_900476175.1,0.56,0.49,0.40,0.36,0.49,0.44,0.38,0.10,0.55,0.48,0.39,0.35,0.48,0.43,0.37,0.0